Default
14.84, 14.0, 9.95, 9.42, 8.7, 8.89, 8.86, 9.37, 9.08, 9.59, 9.06, 9.07, 9.68, 9.7, 9.

14GB
15.33, 15.03, 15.61, 14.45, 15.67, 

12GB, 2056M
15.17, 15.3, 15.29, 15.57, 15.32

4GB, 512M
9.57, 13.1, 15.13, 14.92, 15.63

OFF_HEAP:8GiB
15.43, 14.91, 15.67, 15.73, 15.67

OFF_HEAP:2GiB
15.41, 15.25, 9.03, 13.35, 14.73, 

OFF_HEAP:12GiB
15.26, 15.53, 15.24, 15.57, 15.41,

checkpoint.interval.time=1m
14.91, 15.35, 15.93, 15.22, 15.94, 

checkpoint.interval.time=60m
15.79, 15.01, 15.26, 15.49, 15.48, 

Default
15.26, 14.43, 15.76, 15.27, 15.3, 15.07, 15.56, 15.57, 14.74, 15.17, 